dirpwsfc, [61][1][1]
[0][0], 128.81

[1][0], 128.84

[2][0], 129.06

[3][0], 129.02

[4][0], 146.43

[5][0], 150.20999

[6][0], 159.20999

[7][0], 161.81999

[8][0], 159.34999

[9][0], 164.31999

[10][0], 171.06999

[11][0], 168.37

[12][0], 168.12999

[13][0], 167.98

[14][0], 169.8

[15][0], 179.44

[16][0], 179.08

[17][0], 178.12

[18][0], 182.05

[19][0], 182.65999

[20][0], 183.62999

[21][0], 181.03

[22][0], 182.33

[23][0], 181.67

[24][0], 173.9

[25][0], 170.8

[26][0], 165.51999

[27][0], 157.66

[28][0], 146.61

[29][0], 133.18

[30][0], 122.54

[31][0], 109.659996

[32][0], 186.93

[33][0], 196.98999

[34][0], 202.84999

[35][0], 206.87999

[36][0], 201.55

[37][0], 113.729996

[38][0], 113.81

[39][0], 114.77

[40][0], 132.91

[41][0], 145.86

[42][0], 150.39

[43][0], 155.12

[44][0], 157.66

[45][0], 158.42

[46][0], 159.26

[47][0], 157.29

[48][0], 154.94

[49][0], 150.11

[50][0], 132.52

[51][0], 132.70999

[52][0], 138.56999

[53][0], 137.81999

[54][0], 136.91

[55][0], 136.45

[56][0], 135.37999

[57][0], 132.66

[58][0], 129.78

[59][0], 127.61

[60][0], 125.96


htsgwsfc, [61][1][1]
[0][0], 0.25

[1][0], 0.26

[2][0], 0.29999998

[3][0], 0.35999998

[4][0], 0.48

[5][0], 0.62

[6][0], 0.74

[7][0], 0.87

[8][0], 1.12

[9][0], 1.42

[10][0], 1.7199999

[11][0], 2.0

[12][0], 2.27

[13][0], 2.56

[14][0], 2.84

[15][0], 2.6699998

[16][0], 2.1499999

[17][0], 1.8499999

[18][0], 1.68

[19][0], 1.51

[20][0], 1.36

[21][0], 1.22

[22][0], 1.09

[23][0], 0.90999997

[24][0], 0.78

[25][0], 0.71

[26][0], 0.58

[27][0], 0.48

[28][0], 0.45999998

[29][0], 0.52

[30][0], 0.63

[31][0], 0.71

[32][0], 0.79999995

[33][0], 0.94

[34][0], 1.03

[35][0], 0.98999995

[36][0], 0.91999996

[37][0], 0.84999996

[38][0], 0.83

[39][0], 0.78999996

[40][0], 0.87

[41][0], 1.01

[42][0], 0.96999997

[43][0], 0.88

[44][0], 0.81

[45][0], 0.83

[46][0], 0.95

[47][0], 1.04

[48][0], 1.03

[49][0], 0.96

[50][0], 0.85999995

[51][0], 0.78

[52][0], 0.71999997

[53][0], 0.66999996

[54][0], 0.62

[55][0], 0.58

[56][0], 0.55

[57][0], 0.53

[58][0], 0.5

[59][0], 0.47

[60][0], 0.45999998


perpwsfc, [61][1][1]
[0][0], 10.34

[1][0], 10.29

[2][0], 10.25

[3][0], 10.219999

[4][0], 3.07

[5][0], 3.57

[6][0], 4.0299997

[7][0], 4.43

[8][0], 4.73

[9][0], 5.2999997

[10][0], 5.8599997

[11][0], 6.39

[12][0], 6.79

[13][0], 7.23

[14][0], 7.6099997

[15][0], 7.94

[16][0], 7.99

[17][0], 8.059999

[18][0], 8.179999

[19][0], 8.23

[20][0], 8.179999

[21][0], 7.97

[22][0], 7.83

[23][0], 7.6499996

[24][0], 7.41

[25][0], 7.35

[26][0], 7.3199997

[27][0], 7.3399997

[28][0], 7.37

[29][0], 7.44

[30][0], 7.5

[31][0], 8.58

[32][0], 3.9199998

[33][0], 4.54

[34][0], 5.15

[35][0], 5.48

[36][0], 5.5099998

[37][0], 10.95

[38][0], 10.9

[39][0], 10.8

[40][0], 10.25

[41][0], 9.16

[42][0], 8.51

[43][0], 8.47

[44][0], 8.53

[45][0], 8.41

[46][0], 8.13

[47][0], 7.96

[48][0], 7.85

[49][0], 7.85

[50][0], 10.24

[51][0], 10.059999

[52][0], 9.34

[53][0], 9.03

[54][0], 9.19

[55][0], 9.099999

[56][0], 8.97

[57][0], 8.86

[58][0], 8.76

[59][0], 8.76

[60][0], 8.74


swdir_1, [61][1][1]
[0][0], 109.68

[1][0], 130.66

[2][0], 127.95

[3][0], 129.02

[4][0], 128.52

[5][0], 127.21999

[6][0], 126.59

[7][0], 128.56

[8][0], 9.999E20

[9][0], 9.999E20

[10][0], 9.999E20

[11][0], 9.999E20

[12][0], 9.999E20

[13][0], 9.999E20

[14][0], 9.999E20

[15][0], 116.86

[16][0], 177.70999

[17][0], 187.89

[18][0], 187.84

[19][0], 187.45999

[20][0], 188.26

[21][0], 188.29

[22][0], 186.5

[23][0], 186.93

[24][0], 186.09999

[25][0], 185.51

[26][0], 185.48999

[27][0], 107.32

[28][0], 100.299995

[29][0], 114.09

[30][0], 100.159996

[31][0], 107.43

[32][0], 105.649994

[33][0], 104.689995

[34][0], 109.79

[35][0], 110.1

[36][0], 223.31999

[37][0], 221.25

[38][0], 110.369995

[39][0], 109.67

[40][0], 108.99

[41][0], 149.54

[42][0], 153.01

[43][0], 156.97

[44][0], 158.93

[45][0], 158.97

[46][0], 157.11

[47][0], 156.87

[48][0], 133.73999

[49][0], 135.41

[50][0], 135.79

[51][0], 135.73

[52][0], 136.92

[53][0], 136.53

[54][0], 136.15

[55][0], 135.59999

[56][0], 134.91

[57][0], 121.77

[58][0], 121.149994

[59][0], 123.24

[60][0], 122.079994


swdir_2, [61][1][1]
[0][0], 130.77

[1][0], 93.659996

[2][0], 93.939995

[3][0], 95.85

[4][0], 96.43

[5][0], 95.159996

[6][0], 95.7

[7][0], 95.34

[8][0], 9.999E20

[9][0], 9.999E20

[10][0], 9.999E20

[11][0], 9.999E20

[12][0], 9.999E20

[13][0], 9.999E20

[14][0], 9.999E20

[15][0], 9.999E20

[16][0], 9.999E20

[17][0], 128.2

[18][0], 128.95999

[19][0], 128.09999

[20][0], 126.39

[21][0], 123.159996

[22][0], 114.86

[23][0], 113.399994

[24][0], 110.619995

[25][0], 108.92

[26][0], 103.299995

[27][0], 185.97

[28][0], 114.59

[29][0], 100.06

[30][0], 115.369995

[31][0], 9.999E20

[32][0], 118.17

[33][0], 115.47

[34][0], 146.70999

[35][0], 165.03

[36][0], 110.009995

[37][0], 109.409996

[38][0], 214.25

[39][0], 225.65999

[40][0], 147.94

[41][0], 109.42

[42][0], 108.78

[43][0], 108.759995

[44][0], 109.25

[45][0], 111.07

[46][0], 112.95

[47][0], 127.39

[48][0], 176.5

[49][0], 178.70999

[50][0], 181.58

[51][0], 232.39

[52][0], 229.22

[53][0], 225.81

[54][0], 223.87

[55][0], 221.08

[56][0], 212.5

[57][0], 151.98

[58][0], 151.01999

[59][0], 154.94

[60][0], 153.8


swell_1, [61][1][1]
[0][0], 0.22

[1][0], 0.099999994

[2][0], 0.089999996

[3][0], 0.089999996

[4][0], 0.089999996

[5][0], 0.089999996

[6][0], 0.089999996

[7][0], 0.11

[8][0], 9.999E20

[9][0], 9.999E20

[10][0], 9.999E20

[11][0], 9.999E20

[12][0], 9.999E20

[13][0], 9.999E20

[14][0], 9.999E20

[15][0], 0.06

[16][0], 2.1499999

[17][0], 1.4699999

[18][0], 1.31

[19][0], 1.16

[20][0], 0.98999995

[21][0], 0.84

[22][0], 0.71

[23][0], 0.57

[24][0], 0.47

[25][0], 0.39

[26][0], 0.32

[27][0], 0.34

[28][0], 0.25

[29][0], 0.26999998

[30][0], 0.28

[31][0], 0.42

[32][0], 0.39999998

[33][0], 0.32999998

[34][0], 0.47

[35][0], 0.52

[36][0], 0.59

[37][0], 0.48999998

[38][0], 0.45999998

[39][0], 0.44

[40][0], 0.41

[41][0], 0.65

[42][0], 0.71

[43][0], 0.66999996

[44][0], 0.61

[45][0], 0.56

[46][0], 0.53

[47][0], 0.47

[48][0], 0.44

[49][0], 0.53

[50][0], 0.53999996

[51][0], 0.55

[52][0], 0.55

[53][0], 0.53999996

[54][0], 0.53

[55][0], 0.52

[56][0], 0.5

[57][0], 0.37

[58][0], 0.35999998

[59][0], 0.38

[60][0], 0.35999998


swell_2, [61][1][1]
[0][0], 0.099999994

[1][0], 0.06

[2][0], 0.06

[3][0], 0.07

[4][0], 0.07

[5][0], 0.07

[6][0], 0.07

[7][0], 0.08

[8][0], 9.999E20

[9][0], 9.999E20

[10][0], 9.999E20

[11][0], 9.999E20

[12][0], 9.999E20

[13][0], 9.999E20

[14][0], 9.999E20

[15][0], 9.999E20

[16][0], 9.999E20

[17][0], 0.96

[18][0], 0.84999996

[19][0], 0.7

[20][0], 0.62

[21][0], 0.52

[22][0], 0.42999998

[23][0], 0.41

[24][0], 0.38

[25][0], 0.35999998

[26][0], 0.28

[27][0], 0.26999998

[28][0], 0.24

[29][0], 0.26

[30][0], 0.26999998

[31][0], 9.999E20

[32][0], 0.19999999

[33][0], 0.29999998

[34][0], 0.41

[35][0], 0.34

[36][0], 0.45

[37][0], 0.44

[38][0], 0.42

[39][0], 0.29

[40][0], 0.32

[41][0], 0.39

[42][0], 0.35

[43][0], 0.31

[44][0], 0.28

[45][0], 0.26999998

[46][0], 0.25

[47][0], 0.34

[48][0], 0.26

[49][0], 0.19999999

[50][0], 0.14999999

[51][0], 0.55

[52][0], 0.47

[53][0], 0.39

[54][0], 0.32

[55][0], 0.26999998

[56][0], 0.22999999

[57][0], 0.31

[58][0], 0.29

[59][0], 0.22999999

[60][0], 0.22


swper_1, [61][1][1]
[0][0], 3.9599998

[1][0], 10.29

[2][0], 10.25

[3][0], 10.219999

[4][0], 10.2

[5][0], 10.15

[6][0], 10.09

[7][0], 10.03

[8][0], 9.999E20

[9][0], 9.999E20

[10][0], 9.999E20

[11][0], 9.999E20

[12][0], 9.999E20

[13][0], 9.999E20

[14][0], 9.999E20

[15][0], 12.62

[16][0], 7.99

[17][0], 8.21

[18][0], 8.25

[19][0], 8.28

[20][0], 8.23

[21][0], 8.03

[22][0], 7.89

[23][0], 7.72

[24][0], 7.52

[25][0], 7.4199996

[26][0], 7.3799996

[27][0], 8.21

[28][0], 7.18

[29][0], 8.58

[30][0], 7.64

[31][0], 8.76

[32][0], 8.639999

[33][0], 8.639999

[34][0], 11.37

[35][0], 11.139999

[36][0], 5.68

[37][0], 5.5299997

[38][0], 10.9

[39][0], 10.8

[40][0], 10.63

[41][0], 9.08

[42][0], 8.47

[43][0], 8.37

[44][0], 8.389999

[45][0], 8.349999

[46][0], 8.11

[47][0], 7.93

[48][0], 10.07

[49][0], 10.08

[50][0], 10.24

[51][0], 10.059999

[52][0], 9.34

[53][0], 9.03

[54][0], 9.19

[55][0], 9.099999

[56][0], 8.97

[57][0], 9.34

[58][0], 9.67

[59][0], 9.2

[60][0], 9.179999


swper_2, [61][1][1]
[0][0], 10.34

[1][0], 7.21

[2][0], 7.2

[3][0], 7.14

[4][0], 6.97

[5][0], 8.19

[6][0], 8.28

[7][0], 8.28

[8][0], 9.999E20

[9][0], 9.999E20

[10][0], 9.999E20

[11][0], 9.999E20

[12][0], 9.999E20

[13][0], 9.999E20

[14][0], 9.999E20

[15][0], 9.999E20

[16][0], 9.999E20

[17][0], 6.7999997

[18][0], 6.89

[19][0], 6.7599998

[20][0], 6.5899997

[21][0], 6.46

[22][0], 6.2799997

[23][0], 6.24

[24][0], 6.41

[25][0], 6.47

[26][0], 6.77

[27][0], 7.3399997

[28][0], 8.53

[29][0], 7.23

[30][0], 8.7699995

[31][0], 9.999E20

[32][0], 11.4

[33][0], 11.53

[34][0], 4.7599998

[35][0], 4.89

[36][0], 11.0199995

[37][0], 10.95

[38][0], 5.2999997

[39][0], 5.22

[40][0], 10.04

[41][0], 10.38

[42][0], 10.34

[43][0], 10.38

[44][0], 10.49

[45][0], 10.84

[46][0], 10.5199995

[47][0], 10.21

[48][0], 7.72

[49][0], 7.77

[50][0], 7.5

[51][0], 5.43

[52][0], 5.2799997

[53][0], 5.0899997

[54][0], 4.85

[55][0], 4.58

[56][0], 4.33

[57][0], 8.44

[58][0], 8.48

[59][0], 8.03

[60][0], 7.93


ugrdsfc, [61][1][1]
[0][0], -2.34

[1][0], -2.49

[2][0], -2.69

[3][0], -3.02

[4][0], -4.44

[5][0], -3.82

[6][0], -3.26

[7][0], -3.9299998

[8][0], -5.89

[9][0], -5.0499997

[10][0], -5.49

[11][0], -5.8799996

[12][0], -6.0699997

[13][0], -6.0299997

[14][0], -3.3

[15][0], 2.27

[16][0], 6.23

[17][0], 6.37

[18][0], 7.3199997

[19][0], 6.71

[20][0], 5.69

[21][0], 4.56

[22][0], 2.76

[23][0], 0.81

[24][0], -0.07

[25][0], -2.25

[26][0], -2.79

[27][0], -2.44

[28][0], -3.6599998

[29][0], -2.8999999

[30][0], -0.08

[31][0], -0.32

[32][0], 3.8799999

[33][0], 7.64

[34][0], 7.6499996

[35][0], 7.0299997

[36][0], 5.42

[37][0], 4.3399997

[38][0], 4.0499997

[39][0], 4.83

[40][0], 6.45

[41][0], 6.87

[42][0], 6.17

[43][0], 5.98

[44][0], 6.0

[45][0], 7.18

[46][0], 8.809999

[47][0], 8.88

[48][0], 8.12

[49][0], 6.8999996

[50][0], 5.5

[51][0], 4.45

[52][0], 2.73

[53][0], -0.04

[54][0], -2.26

[55][0], -3.02

[56][0], -3.3999999

[57][0], -3.3799999

[58][0], -3.07

[59][0], -3.28

[60][0], -3.99


vgrdsfc, [61][1][1]
[0][0], 1.04

[1][0], 2.85

[2][0], 3.57

[3][0], 4.0299997

[4][0], 4.83

[5][0], 5.8399997

[6][0], 6.22

[7][0], 6.21

[8][0], 7.69

[9][0], 9.5

[10][0], 10.61

[11][0], 11.21

[12][0], 12.34

[13][0], 13.28

[14][0], 15.059999

[15][0], 11.46

[16][0], -7.66

[17][0], -6.3799996

[18][0], -5.35

[19][0], -6.6499996

[20][0], -8.72

[21][0], -9.44

[22][0], -9.48

[23][0], -7.85

[24][0], -7.17

[25][0], -6.6099997

[26][0], -2.79

[27][0], 0.53999996

[28][0], 2.6799998

[29][0], 5.12

[30][0], 6.52

[31][0], 6.0299997

[32][0], 5.23

[33][0], 0.29

[34][0], -0.29

[35][0], -1.0699999

[36][0], -3.34

[37][0], -6.3599997

[38][0], -7.89

[39][0], -7.0

[40][0], -7.5299997

[41][0], -5.68

[42][0], -4.0499997

[43][0], -2.8799999

[44][0], -0.93

[45][0], 1.1

[46][0], 0.44

[47][0], -0.42999998

[48][0], -0.59999996

[49][0], -0.84999996

[50][0], -0.37

[51][0], -1.1899999

[52][0], -2.6699998

[53][0], -3.06

[54][0], -2.3799999

[55][0], -1.66

[56][0], -1.13

[57][0], -0.68

[58][0], 0.17999999

[59][0], -0.01

[60][0], 0.59


wdirsfc, [61][1][1]
[0][0], 113.89

[1][0], 138.81999

[2][0], 143.01

[3][0], 143.19

[4][0], 137.36

[5][0], 146.84

[6][0], 152.3

[7][0], 147.66

[8][0], 142.53

[9][0], 152.01999

[10][0], 152.62999

[11][0], 152.33

[12][0], 153.79

[13][0], 155.58

[14][0], 167.64

[15][0], 191.22

[16][0], 320.88

[17][0], 315.05

[18][0], 306.13

[19][0], 314.72998

[20][0], 326.88998

[21][0], 334.19

[22][0], 343.78998

[23][0], 354.13

[24][0], 0.59

[25][0], 18.77

[26][0], 45.059998

[27][0], 102.39

[28][0], 126.21

[29][0], 150.44

[30][0], 179.26999

[31][0], 176.95999

[32][0], 216.54

[33][0], 267.83

[34][0], 272.18

[35][0], 278.69

[36][0], 301.61

[37][0], 325.69

[38][0], 332.78998

[39][0], 325.38

[40][0], 319.41998

[41][0], 309.59

[42][0], 303.28

[43][0], 295.68

[44][0], 278.86

[45][0], 261.25998

[46][0], 267.11

[47][0], 272.75998

[48][0], 274.22

[49][0], 276.97998

[50][0], 273.85

[51][0], 284.94998

[52][0], 314.31

[53][0], 0.71999997

[54][0], 43.51

[55][0], 61.14

[56][0], 71.59

[57][0], 78.56

[58][0], 93.42

[59][0], 89.759995

[60][0], 98.409996


windsfc, [61][1][1]
[0][0], 2.56

[1][0], 3.78

[2][0], 4.47

[3][0], 5.0299997

[4][0], 6.56

[5][0], 6.98

[6][0], 7.02

[7][0], 7.35

[8][0], 9.69

[9][0], 10.76

[10][0], 11.95

[11][0], 12.66

[12][0], 13.75

[13][0], 14.589999

[14][0], 15.42

[15][0], 11.679999

[16][0], 9.87

[17][0], 9.01

[18][0], 9.07

[19][0], 9.45

[20][0], 10.41

[21][0], 10.48

[22][0], 9.87

[23][0], 7.89

[24][0], 7.17

[25][0], 6.98

[26][0], 3.9499998

[27][0], 2.5

[28][0], 4.5299997

[29][0], 5.89

[30][0], 6.52

[31][0], 6.04

[32][0], 6.5099998

[33][0], 7.6499996

[34][0], 7.6499996

[35][0], 7.1099997

[36][0], 6.3599997

[37][0], 7.69

[38][0], 8.87

[39][0], 8.51

[40][0], 9.91

[41][0], 8.91

[42][0], 7.3799996

[43][0], 6.64

[44][0], 6.0699997

[45][0], 7.2599998

[46][0], 8.82

[47][0], 8.889999

[48][0], 8.139999

[49][0], 6.95

[50][0], 5.52

[51][0], 4.6

[52][0], 3.82

[53][0], 3.06

[54][0], 3.28

[55][0], 3.4499998

[56][0], 3.59

[57][0], 3.4499998

[58][0], 3.08

[59][0], 3.28

[60][0], 4.0299997


wvdirsfc, [61][1][1]
[0][0], 9.999E20

[1][0], 116.88

[2][0], 128.11

[3][0], 136.27

[4][0], 141.18

[5][0], 148.93

[6][0], 157.8

[7][0], 161.76999

[8][0], 157.5

[9][0], 158.34

[10][0], 160.29

[11][0], 160.37999

[12][0], 160.2

[13][0], 160.28

[14][0], 167.5

[15][0], 175.08

[16][0], 9.999E20

[17][0], 312.05

[18][0], 304.91998

[19][0], 306.63

[20][0], 321.25

[21][0], 334.13

[22][0], 344.11

[23][0], 356.78998

[24][0], 7.18

[25][0], 23.24

[26][0], 39.129997

[27][0], 9.999E20

[28][0], 96.18

[29][0], 130.62

[30][0], 164.48

[31][0], 177.2

[32][0], 190.53

[33][0], 208.51

[34][0], 234.06999

[35][0], 237.86

[36][0], 295.69

[37][0], 313.78998

[38][0], 329.1

[39][0], 325.86

[40][0], 317.31

[41][0], 302.87

[42][0], 296.0

[43][0], 282.91998

[44][0], 262.11

[45][0], 248.18

[46][0], 244.15999

[47][0], 244.95

[48][0], 243.70999

[49][0], 240.65

[50][0], 236.08

[51][0], 9.999E20

[52][0], 9.999E20

[53][0], 9.999E20

[54][0], 9.999E20

[55][0], 9.999E20

[56][0], 9.999E20

[57][0], 74.29

[58][0], 89.63

[59][0], 99.869995

[60][0], 106.29


wvhgtsfc, [61][1][1]
[0][0], 9.999E20

[1][0], 0.22999999

[2][0], 0.26999998

[3][0], 0.32999998

[4][0], 0.47

[5][0], 0.61

[6][0], 0.72999996

[7][0], 0.85999995

[8][0], 1.12

[9][0], 1.42

[10][0], 1.7199999

[11][0], 2.0

[12][0], 2.27

[13][0], 2.56

[14][0], 2.84

[15][0], 2.6699998

[16][0], 9.999E20

[17][0], 0.59999996

[18][0], 0.63

[19][0], 0.65999997

[20][0], 0.7

[21][0], 0.71999997

[22][0], 0.7

[23][0], 0.58

[24][0], 0.5

[25][0], 0.47

[26][0], 0.32999998

[27][0], 9.999E20

[28][0], 0.17

[29][0], 0.29999998

[30][0], 0.5

[31][0], 0.57

[32][0], 0.65

[33][0], 0.83

[34][0], 0.82

[35][0], 0.77

[36][0], 0.35

[37][0], 0.42999998

[38][0], 0.55

[39][0], 0.56

[40][0], 0.64

[41][0], 0.65999997

[42][0], 0.56

[43][0], 0.48

[44][0], 0.45999998

[45][0], 0.55

[46][0], 0.75

[47][0], 0.87

[48][0], 0.85999995

[49][0], 0.77

[50][0], 0.65

[51][0], 9.999E20

[52][0], 9.999E20

[53][0], 9.999E20

[54][0], 9.999E20

[55][0], 9.999E20

[56][0], 9.999E20

[57][0], 0.13

[58][0], 0.12

[59][0], 0.12

[60][0], 0.16


wvpersfc, [61][1][1]
[0][0], 9.999E20

[1][0], 4.0

[2][0], 3.97

[3][0], 2.6699998

[4][0], 3.07

[5][0], 3.57

[6][0], 4.0299997

[7][0], 4.43

[8][0], 4.73

[9][0], 5.2999997

[10][0], 5.8599997

[11][0], 6.39

[12][0], 6.79

[13][0], 7.23

[14][0], 7.6099997

[15][0], 7.94

[16][0], 9.999E20

[17][0], 3.27

[18][0], 3.34

[19][0], 3.4099998

[20][0], 3.3999999

[21][0], 3.46

[22][0], 3.47

[23][0], 3.34

[24][0], 3.11

[25][0], 3.07

[26][0], 3.06

[27][0], 9.999E20

[28][0], 1.87

[29][0], 2.3899999

[30][0], 3.01

[31][0], 3.51

[32][0], 3.8999999

[33][0], 4.54

[34][0], 5.24

[35][0], 5.64

[36][0], 2.71

[37][0], 2.72

[38][0], 3.07

[39][0], 3.1899998

[40][0], 3.28

[41][0], 3.36

[42][0], 3.26

[43][0], 3.1399999

[44][0], 3.9299998

[45][0], 3.6499999

[46][0], 4.29

[47][0], 4.8599997

[48][0], 5.23

[49][0], 5.49

[50][0], 5.52

[51][0], 9.999E20

[52][0], 9.999E20

[53][0], 9.999E20

[54][0], 9.999E20

[55][0], 9.999E20

[56][0], 9.999E20

[57][0], 1.81

[58][0], 1.91

[59][0], 1.9799999

[60][0], 2.03


